QUESTION 1: PCA Values
0.4809 -0.7963
1.7480 1.1353
-0.7172 -0.8191
0.4697 -1.1439
0.1900 -1.3887
-1.0413 1.1864
1.0797 0.1582
-1.2141 1.2463
-0.6916 -0.5918
-0.7348 -1.2573
1.1285 1.8892
1.1759 -1.0077
-0.2647 -0.2291
1.3005 -0.8738
-0.3593 0.3866
0.0234 0.4890
1.0499 0.1552
0.3500 -1.1234
-0.5329 0.3587
1.6279 -1.6877
1.9296 0.4879
1.6944 -0.1919
-0.4060 -2.1760
-1.0826 0.0406
-1.1950 -2.3274
1.1401 -1.8256
-0.3794 -0.5364
-0.2781 0.5010
1.9099 -0.4601
1.3196 -0.0770
0.8205 2.2950
-1.5258 1.2084
1.5714 0.2330
-0.1684 -2.1573
0.6941 1.3670
0.1366 0.2490
-1.2042 -0.4646
2.2309 -1.1145
-0.3787 -0.7218
-0.6327 1.8363
-1.0144 -1.1099
-1.3389 0.5474
-1.2270 -0.0498
0.2534 0.2290
2.0826 -1.3083
0.8713 2.4076
-0.7486 -0.5521
1.3152 -0.3606
-0.3079 -0.4301
-0.1894 1.9766
0.2224 -0.6082
-1.5107 0.4446
0.5903 1.3534
-0.3542 0.9319
0.4557 1.3508
1.0554 1.2631
-1.8304 0.7583
1.4663 -1.3774
-1.0400 0.2067
-2.7389 -0.9348
0.0439 1.1646
1.4721 0.0571
-0.6170 -0.3782
-1.0314 -1.0815
-1.8196 -0.3025
-0.2981 -0.5655
0.1448 -0.8540
-0.2233 0.0274
0.3086 0.9696
1.0614 -0.9565
-1.5468 -0.7195
-1.1214 0.3270
-0.1135 2.3044
-0.1126 0.5887
-0.8229 1.6835
0.4707 0.2390
1.1942 -0.0480
-0.9379 0.1930
-0.8184 0.8201
0.7238 0.1813
1.5344 0.9930
0.4726 -0.2982
-0.4916 -0.8387
-0.4901 1.2291
-0.1492 0.3098
-0.0706 0.1295
-1.7793 -1.1970
0.9041 0.1902
-0.1819 -0.6286
-0.4430 -1.7576
0.6549 0.4551
-0.5768 1.3757
0.2906 -0.1477
0.2874 0.4336
1.0192 -1.2924
0.4653 -0.1769
0.8531 -0.4944
1.6452 1.6891
-0.7200 2.2346
-0.2670 1.3159
-0.7990 0.9289
-1.7856 -1.2860
-0.6060 -0.2804
-1.2562 0.2633
-0.4587 -0.3705
-0.1662 0.6989
0.7724 -0.9804
-0.0010 -0.6472
0.0715 -0.4204
2.0402 0.2186
0.0307 -0.7617
1.8133 2.0311
-0.3734 0.9772
0.5797 -0.1177
-0.2945 0.5183
-0.4053 0.1861
0.6650 1.7841
-1.1437 -0.4936
-0.5281 0.8195
0.4279 0.8017
0.4102 0.0821
0.7341 0.0694
-2.4182 -0.0215
-2.3079 0.9190
1.1088 -0.5412
0.8478 -0.4522
0.8331 1.0709
-0.5741 -1.1403
1.3852 -1.1483
1.1120 0.9311
-1.9809 -0.8218
0.1066 -2.4139
0.0785 -1.0741
2.2057 1.9022
1.9918 1.0185
-0.1943 2.2259
0.4726 -0.9485
-0.0753 0.9801
0.2907 -0.3301
2.0043 -1.1453
2.6587 0.1032
0.5126 1.3694
-0.0168 1.3783
0.4505 -0.6052
-0.6311 0.7594
0.9357 -0.0253
-2.4645 0.1996
0.8398 1.8843
1.4635 -1.9086
0.7950 0.0403
-0.3720 0.2921
-0.2948 -0.5930
0.1654 0.7207
0.5745 0.8764
0.6971 -0.4420
-0.7387 0.6558
1.2645 1.1304
1.1106 0.3468
-0.3011 -0.7055
0.1478 -1.8717
0.8534 -1.1445
1.6311 1.0127
0.1664 0.3815
-0.0761 -0.2904
0.3496 0.2181
-1.2437 -0.1161
-0.1717 -0.8290
1.0070 -0.1256
1.6724 0.4690
-1.3418 1.4919
-0.2861 0.0298
-0.1177 0.0896
-1.6185 -0.9013
-0.0867 0.7195
-1.5697 -1.4644
1.0382 -0.2987
-0.7237 -1.1165
1.7114 -0.9256
-1.8112 0.2018
0.2036 -0.0504
-0.9321 -1.1297
1.2443 0.4277
0.7203 0.1340
1.4142 -0.2045
-1.7643 -0.0479
-0.2683 -1.4083
0.1190 -0.0425
0.8693 1.6451
0.0307 0.1261
0.8293 -0.6544
-0.6261 -0.6612
1.5013 2.5973
0.7867 -0.9557
1.0976 1.1155
-1.4759 0.0536
-1.5119 1.0317
-0.9689 0.5519
-1.0992 -1.2377
-0.4858 0.0287
-2.8308 -0.5922
0.2930 -0.5440
-0.0146 -0.4396
2.0541 3.1568
0.8631 0.3834
0.1677 -1.3958
-0.9261 0.3727
1.6405 0.5398
-1.2424 -0.3629
-1.0819 1.0944
-0.4959 1.3646
0.6176 0.4410
0.3456 1.2240
-1.2193 1.1159
-0.3463 -2.1443
-1.2124 0.4011
-0.5837 -0.6755
-0.2299 0.0169
-0.8230 -0.6386
-1.2263 -0.1239
0.7776 0.2620
-0.9640 0.3997
0.6875 -1.2555
-0.2443 0.7634
0.6726 -0.2714
0.4679 -0.9571
1.0581 -0.9291
0.7685 -0.3042
-0.9296 -0.7464
0.1788 -0.9705
0.1257 1.0570
0.0061 -2.2940
-1.0969 -0.5864
0.1538 2.0695
0.3367 -1.2133
0.3011 -0.2060
-2.4541 0.8436
-0.4034 1.4595
-1.3106 0.8495
0.3163 -0.5586
-0.1964 -1.9694
-0.2678 1.5611
2.6708 -0.5775
1.0038 -0.1288
-0.1895 0.2063
0.1427 0.6703
-1.5569 -2.1975
-0.3178 -1.2174
1.7771 0.4793
1.8623 -0.1246
-0.1087 -0.4068
-1.0167 0.0092
0.2888 -0.8842
0.8917 -0.0045
0.3429 0.9624
-0.8202 0.6699
-1.6772 -0.3419
-0.1020 0.1823
0.4405 -0.5046
1.5420 1.7392
0.6576 -0.9818
-0.6800 -0.4928
1.5047 -0.5633
-0.3401 -1.3870
-0.6194 0.7804
0.1659 0.8298
1.0327 -1.0584
-2.4664 0.8480
-0.4859 1.3589
-0.0113 1.5177
0.3035 0.8003
0.9546 0.9995
-2.7546 0.4639
-0.5429 0.1859
-0.5009 0.6034
0.5524 0.2320
-1.1482 0.8421
-0.1804 -1.1404
-0.0113 -0.0725
1.7983 0.6212
0.5881 -1.4089
0.4474 -0.2296
-0.9057 -1.1856
-0.7115 -0.8069
0.3298 -0.2219
1.0019 -0.5666
-0.1255 0.5088
-0.8188 0.4983
0.2762 -0.8068
-0.2760 1.3209
-0.7838 1.2945
0.0582 -0.4895
0.5890 -1.1997
1.0126 0.0385
-1.2298 -0.0437
0.4588 -0.8453
0.5983 -1.0867
0.4594 -0.4878
-0.3494 0.6809
-1.1167 -1.2469
-0.5009 0.1246
-0.7225 1.0018
-1.0901 1.0849
-0.5591 -0.6050
-0.2549 0.8935
1.0734 1.8263
1.5170 1.3842
-0.3662 -0.9225
2.0001 -0.1793
-0.0020 0.9672
0.6073 -1.9505
0.4037 -0.0265
-1.8113 0.9489
-0.6489 -1.8201
-0.3654 1.3787
-0.7351 -0.2047
0.5262 1.6554
-0.1295 -0.8114
1.3541 0.3207
-1.1631 -0.1022
-1.2188 0.1512
-1.3210 -0.7701
0.8821 1.2285
-0.9065 -0.2327
-1.9410 0.4415
-0.0517 -0.7172
-1.4618 0.7109
1.3387 -0.4417
0.0955 -1.1404
0.0027 0.0581
0.3128 0.9814
0.1215 -2.3665
-0.3410 -0.1612
-0.5250 -0.4038
-2.4070 -0.2708
-1.8206 -1.4001
0.6984 0.7563
-0.6426 -0.4062
-1.2083 0.5303
2.0839 0.4501
-0.3425 1.4645
0.6383 0.8763
-0.2787 -0.8899
0.8469 -0.8028
-0.0810 2.0619
-0.4435 0.4457
-1.0773 1.5762
-1.0088 -1.7242
0.8323 -1.1033
1.1414 1.1908
-0.5423 0.4653
-1.1162 -0.4557
1.8762 -0.5224
0.0806 -0.9832
1.5531 0.2137
0.7413 1.3570
1.2751 0.1871
0.6037 0.0396
0.2625 0.0950
1.9195 -0.9562
-0.8416 -0.2047
0.2681 -1.2670
-0.5898 0.2185
-0.3797 2.2308
-0.1982 -1.3520
0.6111 0.5851
1.4251 0.6306
1.0883 -0.1841
0.0137 -0.4247
-1.3890 -0.1625
-0.8556 0.8249
-0.7749 0.4366
-0.7363 -1.1432
-0.2292 -1.1965
0.2807 -2.0857
-1.1930 -1.1058
-1.2757 0.4376
-0.8962 0.7599
-2.0317 -1.3357
1.2170 -0.0346
0.7987 -0.1142
0.6185 -1.9994
0.2535 0.0631
1.1582 -1.0078
0.5141 -1.4991
0.2793 0.8774
0.6902 -1.0051
0.4269 -0.2853
0.8009 -0.5162
0.7807 -0.1591
0.0712 -1.1208
-0.2306 -1.1701
0.5862 0.3260
-1.4989 -0.8481
1.4656 1.1318
-0.2567 -0.2554
-1.2251 -0.7404
-2.2081 -2.1644
1.0614 -0.8274
-2.1127 0.4632
0.6330 1.0934
-1.5034 0.7963
0.5435 0.8614
-0.4660 0.2860
0.1337 0.3093
-1.8401 0.0678
-0.3298 1.5673
0.2246 -1.0637
-0.0448 0.4560
1.7920 0.0151
1.0983 -0.3870
0.3701 -0.7535
0.0325 1.9145
0.2454 1.7848
-0.7700 0.6014
-0.9008 -0.4781
-1.2216 -1.2908
-0.6716 1.4803
-0.0477 -1.0601
0.1643 0.1830
0.0608 1.2310
-1.6577 -0.3404
-1.6536 -0.2815
-0.4237 -0.4576
1.4165 -1.2603
1.3247 0.1354
-0.4643 -0.6660
1.7370 -0.6138
-0.1395 0.6069
0.9842 -1.5138
-0.2253 0.3445
0.6282 -1.4554
-0.8161 -1.2828
-1.5592 1.2108
0.4417 0.6191
0.0932 -1.3711
1.5186 0.3233
0.5960 -0.8342
-0.8868 0.0230
0.0180 -1.0740
0.2867 0.0510
-0.5486 -1.3141
1.2156 0.1939
0.9669 0.3086
1.0464 0.2415
1.1729 -1.0588
-0.8101 -0.2818
0.8141 0.6592
2.1100 0.5943
-0.8168 -0.2429
-1.6068 0.6984
0.4040 2.0872
-0.3863 -0.4408
1.9796 0.0275
1.0661 -1.3171
-0.6020 0.5503
-1.6960 -0.3381
-0.8757 0.2336
-0.2114 0.8400
-1.9487 0.5711
-0.4986 -1.8617
0.3637 -0.5403
1.9564 0.5336
2.1242 0.4679
0.5138 0.5862
0.8446 -1.2293
-0.0391 -0.9501
0.7098 -0.0566
0.2501 0.0513
-1.2061 0.5355
-0.2360 -0.5470
-0.9705 1.4614
-0.3278 -0.9940
-0.8669 0.1749
0.6707 -0.4090
0.4586 1.2032
1.1936 -0.2676
-0.5053 -2.1894
0.2310 -1.0447
1.8789 0.6388
0.8240 1.3017
-1.6709 0.3389
-0.4750 1.4150
0.5690 -1.2282
-0.1476 -0.1061
-2.5850 1.1111
-1.9615 -0.3787
0.0620 1.4360
-0.9139 -0.6922
0.4677 -1.4176
0.4281 1.3032
0.1901 -1.0700
0.7509 0.3064
0.6573 0.0619
-0.7105 -0.1928
0.8264 -0.2912
0.9933 -0.8805
-0.4299 -0.1087
-2.3821 0.9537
1.3919 -0.8552
-0.6246 -2.2980
-0.7915 0.1374
2.2610 -1.1051
-0.4402 -1.7506
1.2648 -0.6970
-0.3745 -0.4425
-2.0638 -0.8931
2.2889 1.8905
-0.5536 0.6580
0.7699 1.4429
-1.1346 1.3023
-0.8890 0.1585
-1.1687 1.3032
-1.4940 0.3255
1.3481 0.0859
1.5972 1.2543
1.7686 0.5118
-2.1927 0.3034
0.0989 -0.3151
-1.0178 -3.0827
-1.6491 0.1485
0.3928 1.5171
1.4925 1.4453
0.6100 1.8181
-1.1873 -0.5651
-0.3616 0.3544
-0.8127 0.9169
0.6735 2.1125
1.1656 -0.7967
-0.7315 0.7027
-1.9098 -0.3639
-1.4585 1.7679
0.6701 2.6453
-0.9371 -0.2362
0.2590 -1.7134
0.3282 -0.4493
-0.9623 0.4000
0.3534 1.5758
-2.1708 -0.4271
-0.8817 -0.9077
-0.2036 0.2407
0.6995 0.0411
0.8735 -0.4247
-0.0352 -0.6170
0.1766 0.7444
-0.3976 0.9394
0.2475 0.1403
0.7001 -1.3513
-1.2110 1.1921
0.5590 -0.2556
2.5987 1.6561
-1.2233 0.5277
-0.8644 -0.2159
-0.4671 1.6704
0.0404 -1.5341
1.0953 0.5599
0.4132 1.3443
0.7093 -1.0109
0.2928 -0.7420
-1.6114 -1.2636
0.2122 -1.2998
0.8311 -1.6857
-0.8823 -0.6229
0.4952 0.2438
1.4783 -0.1887
0.0137 1.8501
1.2486 0.0609
-1.5381 -1.0414
-1.6408 1.3409
-1.5011 0.0831
-1.7120 0.3904
-1.1553 1.5850
0.4890 1.2152
0.4462 1.2613
2.1301 2.1302
-1.9909 -0.3051
0.1721 0.0800
-1.3986 -0.3350
-0.0493 0.4660
1.0672 -0.7931
0.1023 0.1690
-0.9623 -0.4703
0.4361 -0.5319
-1.8903 0.2817
-0.1023 1.6877
1.1876 -1.0229
-0.8979 0.6366
-0.4485 0.3623
0.2547 -0.5904
-1.3130 0.5671
1.5942 -0.9910
0.1698 0.7104
0.8809 -0.8877
-0.6238 1.4417
1.8953 0.6487
-0.2990 0.3999
-0.2672 -0.8973
2.1069 -0.6744
0.6910 -0.8903
-0.3145 -0.0812
0.4182 -0.2493
1.2334 -0.2054
-1.4679 0.5113
-1.3546 1.0996
0.5340 -0.1235
-0.0740 0.7846
0.7310 -0.7618
0.2061 -0.6283
0.5413 -0.2823
0.9404 -0.6797
-0.6000 -0.8861
0.9846 0.3320
0.8824 0.9057
-0.1602 -0.0426
-1.1038 -0.2431
2.4497 -0.9226
0.9122 -1.1756
1.3110 -0.9008
0.0885 -0.5018
-0.7214 -0.2985
-0.3366 -1.1492
1.2122 0.2171
-0.0230 0.1306
0.6809 -0.6973
-0.6884 1.7161
0.0473 -0.2105
-1.1174 -0.1299
-0.3165 0.9225
-0.5827 0.5272
-0.2556 2.2738
-0.4215 1.7808
0.3216 -0.9899
-1.3077 1.1164
0.4485 0.5285
-2.7835 0.5475
-0.7345 -1.1512
-0.5385 0.3918
-0.6560 0.0397
0.4023 1.1079
0.8967 -0.0960
0.0910 -0.5728
-0.3858 -1.3308
1.5540 -0.7929
-0.3551 -0.1463
-0.2322 -0.3147
0.3549 -0.2662
0.5846 2.0058
-0.3606 0.5427
-0.0444 0.5940
-0.0561 -1.1774
0.7503 0.1680
0.8436 -1.0652
1.0017 -1.0095
1.0859 0.2893
-0.4610 -0.5459
-0.7193 1.2633
-0.1054 0.1059
-1.9390 0.7330
-1.0921 -0.9406
-1.5487 1.1837
-1.2994 0.8069
0.3992 0.7184
1.6436 -1.0639
0.8815 -0.7180
-0.0436 -0.0647
0.2813 -1.4910
2.5430 -0.4859
0.3594 -1.3250
-0.2303 0.3373
-0.2071 0.2146
-1.8997 0.2083
0.2550 -0.8583
-0.6641 -0.6401
-1.3573 -0.5847
0.2865 1.8477
0.1189 0.8854
0.1339 0.6100
-0.1258 1.7134
0.5810 0.8543
-0.8480 2.3971
-1.2057 -0.3761
1.4994 -0.6659
-0.3484 1.4806
-1.1482 0.7671
0.2812 0.7156
0.6240 -0.4355
0.3114 -0.7610
-0.4780 0.0152
0.6529 -0.9571
-0.1478 1.6271
-1.1773 0.5308
2.2758 0.2310
-2.7647 -1.8376
-0.5659 1.3138
-0.6901 -0.5069
-0.5117 0.6348
0.2595 -1.4104
0.0334 0.7324
0.4583 -0.5661
0.4752 -0.7717
-0.4118 0.3339
-1.6769 -1.2732
0.6489 -1.0221
-1.4946 -0.2222
-0.3400 -0.4828
-0.0444 1.1870
-1.2223 -0.7775
0.1991 -0.8303
-0.9405 -1.4266
0.9768 1.5354
-1.5639 1.1233
-0.2491 0.0930
-0.1111 -0.4207
0.2011 -0.1228
-0.2096 -1.5768
-1.2450 0.0850
-1.0246 0.4253
0.3320 -1.0823
0.0193 0.6216
3.0301 0.2510
0.4223 0.7231
0.0122 -0.1129
0.0171 -0.4577
2.3266 1.6738
0.6661 2.2003
-0.3659 0.0601
-0.7563 -1.4940
-0.8615 0.4098
0.5979 0.8143
-1.3042 -0.4623
0.6208 -1.3079
-0.3289 0.2667
1.0762 -0.2193
-1.2633 -0.6778
0.3020 -0.5534
-0.8975 1.2016
1.4354 1.0875
0.1408 1.5540
-0.0496 0.1625
-1.0743 -1.2996
-0.6670 2.2015
0.0637 1.6270
-1.2903 0.8847
0.4492 -0.6585
0.6761 -0.6135
0.7751 0.3802
-0.1928 0.7963
-0.4430 -0.7098
-0.3636 -1.9743
1.4274 -0.7850
0.6124 -2.0598
-2.0587 0.5719
1.4282 1.4190
-1.4954 1.8548
-0.5190 -1.4171
-0.9869 -0.0887
0.8050 -0.4554
-0.6066 0.2453
0.1866 0.4759
-1.0642 -0.0381
1.7093 0.3860
0.1777 -0.3980
1.0719 -0.3139
0.6722 1.5644
-1.0310 -0.6824
0.9501 0.6359
0.8108 0.5865
-1.3791 -0.9024
0.7206 0.1262
0.1827 -0.3050
0.5099 -0.1140
2.2524 -1.0169
1.8266 -0.4644
0.5881 -0.9907
0.8621 -1.0103
-2.1245 -1.0433
-1.5226 0.5545
0.1978 1.2914
0.2202 -2.2909
-0.6674 0.1681
0.2235 -1.2119
0.1578 -0.5562
1.4592 1.0990
1.3006 -0.4348
-0.3961 -1.2246
-1.2337 -1.1172
1.3991 0.8058
0.1556 -0.1375
-0.8358 -0.9795
-0.0535 0.4759
0.8862 -0.1973
-0.3804 -0.5332
0.1054 -0.1388
-0.0873 0.8968
-2.3861 0.3547
-0.3800 1.0524
0.8957 -1.0865
-1.5397 -0.4056
0.3946 -0.6346
-0.2908 -0.4616
0.2697 0.1873
1.5312 0.3024
-0.4812 0.4475
-1.6233 0.6133
-0.8195 -0.4203
0.4490 -2.1338
-0.8801 1.7722
-0.5364 0.5017
-0.5748 -0.3159
-1.3582 0.2266
1.4508 -1.3978
-1.7478 -0.5744
0.1737 -0.0776
-0.9382 1.0776
0.1634 -1.9556
0.6971 -0.0526
-0.2343 0.8413
0.6764 0.4009
1.4180 -0.8614
0.3364 0.8255
0.1001 -0.3701
-0.2136 0.0427
-0.8591 1.2960
-1.8038 -0.9392
-0.2179 -2.2237
-0.6064 -0.8878
0.0878 -0.2985
-0.8561 -1.8383
-0.0976 -2.0191
-0.6584 0.6443
0.0736 0.1751
-0.9803 0.8507
0.1813 -0.7062
-0.2408 1.4981
0.3137 -0.3674
1.9372 0.3269
0.4894 -0.0979
0.7383 0.4793
1.6489 0.4988
0.6477 1.6932
0.5066 -1.5906
-1.1304 -0.3409
-1.4314 0.5333
0.7750 0.2101
1.5203 -0.1784
0.3058 0.7443
-0.6065 -0.4255
0.0396 0.0959
-1.6424 -1.1080
-0.1282 0.5627
-0.2228 -0.2547
0.0892 -0.1311
0.5644 0.7673
-0.9485 0.4226
-0.1452 -0.5674
0.6891 -0.7095
2.6637 0.5055
0.3197 -0.5837
1.1495 -0.4428
-0.5526 -1.1359
-0.5111 0.8582
1.7464 0.2920
0.8897 -0.3988
0.6108 0.5905
-1.6252 1.5043
-0.8368 -0.6149
-0.8160 0.1151
0.2694 1.4118
0.4228 -0.7694
-0.8057 -0.5591
-0.7492 0.0080
-1.1980 -0.2228
1.4406 0.5270
1.1780 1.1442
2.2559 -1.0026
1.0799 -1.8134
0.1463 -1.7879
-1.9720 1.0542
-0.5520 0.6429
2.3063 -0.4248
-0.0796 1.8798
-1.5307 -0.4087
0.0443 -0.4542
-0.7385 -0.7788
0.9231 -0.7794
-0.2601 -0.9228
0.8898 -1.2774
-0.1496 1.2550
-0.9685 -0.0962
-0.3006 0.7660
0.4638 -0.1720
-0.1817 0.3387
0.0185 -0.6697
0.4101 -1.4037
1.1886 -0.4838
0.6910 -2.0295
-0.2386 0.5406
1.0781 1.4437
1.3086 1.4746
-0.2323 1.3930
2.0779 -0.4971
-0.0387 -0.4542
1.1571 -0.8320
-0.1646 0.1183
-0.2300 -0.6305
0.0627 0.2638
0.3874 0.3093
-0.6532 1.3544
-0.8396 -0.8086
-0.8735 0.5374
-0.8433 0.0700
0.0390 -1.9506
-1.1654 0.9419
-2.6741 0.4288
-0.3660 -0.2596
-0.2565 0.0483
1.2140 0.3068
-0.8700 -1.8647
-1.5385 0.4675
0.8864 2.7601
0.7976 -1.1421
0.7595 -0.3161
0.0379 -1.2779
-0.8319 -0.2332
0.0493 -1.5699
-1.2195 0.9536
-0.8994 -1.9831
1.5239 -1.6670
-0.9229 0.5186
-0.2958 -0.5688
0.7822 0.5160
-0.1455 -1.5444
0.9826 -1.6066
-0.6574 0.3289
0.7928 2.8719
1.3133 0.3634
1.1727 0.1838
-0.5289 -2.1778
-0.6100 0.7976
-0.5296 0.6757
0.2024 1.5559
-0.1653 0.3503
0.0355 0.8812
-0.4218 -1.3412
-0.7146 0.4883
-2.4001 0.5718
-0.6380 1.1224
-0.6070 -0.2401
-0.3710 1.4111
-0.7178 0.0535
0.3277 0.0053
0.5125 -1.0724
0.5007 0.8673
0.0847 0.5892
1.2754 -0.1807
-1.6523 1.0700
-0.7416 0.1507
0.2015 -0.0582
-0.2902 0.0477
1.3668 1.4583
0.0801 1.5972
0.3265 0.2915
-0.3139 0.4338
2.4710 1.7744
-0.6810 1.9587
-0.8252 0.8429
-0.5295 -0.6250
1.3430 1.3654
-0.0209 -0.3910
-1.4868 -0.2648
1.3707 2.2148
0.0299 0.8251
-0.7147 0.0429
1.4247 -0.8022
0.0464 1.3833
0.5286 -1.0695
-0.5004 -2.0570
1.8213 -0.4433
0.2250 0.4074
1.0308 -0.8604
1.8028 -1.6185
1.5668 -1.2727
-0.0919 -0.0303
-0.2193 -1.2347
-2.1760 0.6703
0.9647 -1.6016
-1.6449 -1.7917
-0.2844 -0.0382
-0.6237 0.0622
-0.8029 -1.3312
2.2030 -0.5553
-0.1221 0.5056
-2.1449 0.1711
0.1750 1.1598
2.8005 0.1776
-0.1425 1.6070
1.5090 -1.9480
-0.3277 0.5179
-0.3591 0.2759
0.1109 -0.2702
0.3116 -1.0540
